# Camera list with one line of data per camera:
#   CAMERA_ID, MODEL, WIDTH, HEIGHT, PARAMS[]
# Number of cameras: 200
200 SIMPLE_RADIAL 800 800 775.37246707817405 400 400 -0.008376573068091692
199 SIMPLE_RADIAL 800 800 757.98938955771791 400 400 0.049594383549730781
198 SIMPLE_RADIAL 800 800 778.65444174587299 400 400 0.010854601385697191
197 SIMPLE_RADIAL 800 800 764.95410909155657 400 400 0.0031718096728647715
196 SIMPLE_RADIAL 800 800 777.2440695283999 400 400 -0.0074991456552044094
195 SIMPLE_RADIAL 800 800 775.40234263317075 400 400 0.0072415771588566187
194 SIMPLE_RADIAL 800 800 813.4073954228503 400 400 -0.015232419837381588
193 SIMPLE_RADIAL 800 800 783.09271923273286 400 400 0.033723812833763751
192 SIMPLE_RADIAL 800 800 766.84031240773027 400 400 -0.021548816720028528
191 SIMPLE_RADIAL 800 800 770.52073953173988 400 400 0.00084441606568415165
190 SIMPLE_RADIAL 800 800 793.76179567155236 400 400 -0.009286443317709326
189 SIMPLE_RADIAL 800 800 761.02856038424284 400 400 -0.039965258253492217
188 SIMPLE_RADIAL 800 800 782.96387474672497 400 400 -0.023451724822084088
187 SIMPLE_RADIAL 800 800 791.46862587316366 400 400 -0.046567257887372406
186 SIMPLE_RADIAL 800 800 761.81890241835515 400 400 0.0076703426967961721
185 SIMPLE_RADIAL 800 800 777.43497248198878 400 400 -0.0030819032301564815
184 SIMPLE_RADIAL 800 800 778.02660227511274 400 400 -0.020594139110517516
183 SIMPLE_RADIAL 800 800 767.96299653127619 400 400 -0.023206578358327325
182 SIMPLE_RADIAL 800 800 805.73339538304697 400 400 -0.03364147398503281
181 SIMPLE_RADIAL 800 800 782.50411325030598 400 400 -0.012704957389068921
180 SIMPLE_RADIAL 800 800 795.41269784396195 400 400 -0.024529589443651075
179 SIMPLE_RADIAL 800 800 773.50471542508171 400 400 0.01694184094511373
178 SIMPLE_RADIAL 800 800 776.67053486278439 400 400 0.0069384912807552929
177 SIMPLE_RADIAL 800 800 761.47165906665964 400 400 -0.024646111511090214
176 SIMPLE_RADIAL 800 800 774.10037309274196 400 400 0.0063102588239604927
175 SIMPLE_RADIAL 800 800 781.18916072560125 400 400 -0.01955943847655468
174 SIMPLE_RADIAL 800 800 768.55002099470039 400 400 -0.0092346478197129697
173 SIMPLE_RADIAL 800 800 772.10078441004475 400 400 -0.020056895265153012
172 SIMPLE_RADIAL 800 800 779.41212844971267 400 400 0.0036882681299455931
171 SIMPLE_RADIAL 800 800 817.03373767130847 400 400 -0.045154075331182555
170 SIMPLE_RADIAL 800 800 796.82017393044418 400 400 -0.019610695780951658
169 SIMPLE_RADIAL 800 800 769.20701901084453 400 400 -0.026069348464034775
168 SIMPLE_RADIAL 800 800 773.84205449326907 400 400 -0.010994725511516245
167 SIMPLE_RADIAL 800 800 785.06561011689291 400 400 -0.021444552653078163
166 SIMPLE_RADIAL 800 800 781.93237159525245 400 400 -0.044929501545701508
165 SIMPLE_RADIAL 800 800 782.75716310467431 400 400 0.0084860123996161069
164 SIMPLE_RADIAL 800 800 776.56417837837319 400 400 -0.030920249804715822
163 SIMPLE_RADIAL 800 800 778.88170237950931 400 400 -0.030455988408128222
162 SIMPLE_RADIAL 800 800 773.57441919378243 400 400 0.034794430844190184
161 SIMPLE_RADIAL 800 800 771.55826913739838 400 400 -0.031973314611800106
160 SIMPLE_RADIAL 800 800 790.11470461226099 400 400 0.0028669120106276725
159 SIMPLE_RADIAL 800 800 782.60774472782407 400 400 -0.014020981747787075
158 SIMPLE_RADIAL 800 800 774.4333426067783 400 400 -0.0058743715967338591
157 SIMPLE_RADIAL 800 800 779.33566138599622 400 400 -0.020505710451530237
156 SIMPLE_RADIAL 800 800 785.45396050978263 400 400 -0.011267910693081973
155 SIMPLE_RADIAL 800 800 791.45480870106758 400 400 -0.037363864480053438
154 SIMPLE_RADIAL 800 800 791.19195294376391 400 400 -0.041649438200298386
153 SIMPLE_RADIAL 800 800 767.08628741745997 400 400 -0.019208026456643702
152 SIMPLE_RADIAL 800 800 776.50983334817795 400 400 0.02027723639960511
151 SIMPLE_RADIAL 800 800 767.97131783739133 400 400 0.046904558109042691
150 SIMPLE_RADIAL 800 800 785.41705114112517 400 400 -0.022523302437864056
149 SIMPLE_RADIAL 800 800 781.89477285082057 400 400 -0.020115336204451436
148 SIMPLE_RADIAL 800 800 793.36416771753795 400 400 0.0058503719862854544
147 SIMPLE_RADIAL 800 800 775.65566139958435 400 400 -0.031699376316064447
146 SIMPLE_RADIAL 800 800 779.79981428335725 400 400 -0.015179360004967331
145 SIMPLE_RADIAL 800 800 777.37983678832234 400 400 -0.032021539878577261
144 SIMPLE_RADIAL 800 800 785.06708764023097 400 400 -0.012782948509992498
143 SIMPLE_RADIAL 800 800 773.8892823737383 400 400 -0.0086080352412958479
142 SIMPLE_RADIAL 800 800 765.30700845320803 400 400 0.052871045559025782
141 SIMPLE_RADIAL 800 800 775.25269913728039 400 400 -0.01645867785825525
140 SIMPLE_RADIAL 800 800 777.2151897015915 400 400 -0.032283435820360411
139 SIMPLE_RADIAL 800 800 783.66652480434311 400 400 -0.019167207274590682
138 SIMPLE_RADIAL 800 800 761.30441497893594 400 400 0.019019137441074981
137 SIMPLE_RADIAL 800 800 784.45924945893591 400 400 -0.010772104563214119
136 SIMPLE_RADIAL 800 800 790.26365073950024 400 400 -0.0091680913685349575
135 SIMPLE_RADIAL 800 800 777.04379157919084 400 400 -0.026909937096635674
134 SIMPLE_RADIAL 800 800 780.49915670822247 400 400 -0.016437574683341172
133 SIMPLE_RADIAL 800 800 778.70856234356063 400 400 0.0016885630877165726
132 SIMPLE_RADIAL 800 800 761.86208875475734 400 400 0.046503803840472327
131 SIMPLE_RADIAL 800 800 791.50713657412291 400 400 -0.028905549190449617
130 SIMPLE_RADIAL 800 800 783.34866373170541 400 400 0.0046616552591960975
129 SIMPLE_RADIAL 800 800 771.95602011525273 400 400 0.01211958854663929
128 SIMPLE_RADIAL 800 800 789.70289112664807 400 400 -0.04326415449306914
59 SIMPLE_RADIAL 800 800 800.99085128501076 400 400 -0.028470104564526859
58 SIMPLE_RADIAL 800 800 775.87207948339562 400 400 -0.017139845408042035
57 SIMPLE_RADIAL 800 800 780.97089813425498 400 400 -0.016289845317992345
56 SIMPLE_RADIAL 800 800 773.65708010727985 400 400 0.014941898986210133
55 SIMPLE_RADIAL 800 800 777.04349091774816 400 400 0.02111546985309733
54 SIMPLE_RADIAL 800 800 761.6686272207005 400 400 0.03485498712959352
53 SIMPLE_RADIAL 800 800 772.95194992077109 400 400 -0.00016109973048021109
52 SIMPLE_RADIAL 800 800 747.50854162419 400 400 0.014890373105545905
51 SIMPLE_RADIAL 800 800 781.41112261977332 400 400 -0.028953582814033603
50 SIMPLE_RADIAL 800 800 780.87979780117041 400 400 0.0073819000052228068
49 SIMPLE_RADIAL 800 800 774.04774843449468 400 400 0.011348647530517642
48 SIMPLE_RADIAL 800 800 783.6022527837431 400 400 0.041357524625743811
47 SIMPLE_RADIAL 800 800 772.30084181276243 400 400 0.016925928997894173
46 SIMPLE_RADIAL 800 800 779.79614497895477 400 400 -0.0067323153205491948
45 SIMPLE_RADIAL 800 800 777.54098714118766 400 400 0.008576312723787359
44 SIMPLE_RADIAL 800 800 769.96487392172844 400 400 -0.023834595436676962
43 SIMPLE_RADIAL 800 800 778.47330072984471 400 400 -0.028266921098701853
42 SIMPLE_RADIAL 800 800 807.29760919763487 400 400 -0.02339685207761474
41 SIMPLE_RADIAL 800 800 753.63926014246476 400 400 0.030202475975832248
40 SIMPLE_RADIAL 800 800 754.37470469157256 400 400 0.03311898406722074
39 SIMPLE_RADIAL 800 800 786.96195011450993 400 400 -0.018473088379327061
38 SIMPLE_RADIAL 800 800 774.83517230586426 400 400 -0.017816760577185627
37 SIMPLE_RADIAL 800 800 796.37915667430161 400 400 -0.02863148273030609
36 SIMPLE_RADIAL 800 800 782.98555219004083 400 400 -0.040712163746662568
35 SIMPLE_RADIAL 800 800 796.10627291247283 400 400 -0.034710368269076156
34 SIMPLE_RADIAL 800 800 786.14720679215566 400 400 -0.023599813271787572
33 SIMPLE_RADIAL 800 800 778.36235857789563 400 400 0.023297001533418519
32 SIMPLE_RADIAL 800 800 767.96600383111752 400 400 0.024016597420565586
31 SIMPLE_RADIAL 800 800 777.19750793055721 400 400 -0.016368035184355974
30 SIMPLE_RADIAL 800 800 810.19116208328035 400 400 -0.017127321536930282
13 SIMPLE_RADIAL 800 800 761.60818042343726 400 400 -0.020845815471281053
12 SIMPLE_RADIAL 800 800 780.77041522950185 400 400 -0.010526405065190456
11 SIMPLE_RADIAL 800 800 798.2867960679946 400 400 -0.059833804286763041
10 SIMPLE_RADIAL 800 800 813.78655138596969 400 400 -0.020708193716154673
9 SIMPLE_RADIAL 800 800 794.03379028889685 400 400 -0.028378136068641775
8 SIMPLE_RADIAL 800 800 778.02993842632213 400 400 0.01058702342860387
7 SIMPLE_RADIAL 800 800 758.0346987917876 400 400 0.075468353673380298
6 SIMPLE_RADIAL 800 800 780.22837371721812 400 400 -0.020479832634233256
5 SIMPLE_RADIAL 800 800 763.62609261689124 400 400 -0.011913215501494188
4 SIMPLE_RADIAL 800 800 796.60951872070655 400 400 0.01632638453322564
3 SIMPLE_RADIAL 800 800 791.03113528302799 400 400 -0.023933273345909636
2 SIMPLE_RADIAL 800 800 770.02059058937493 400 400 -0.0020706240103318275
1 SIMPLE_RADIAL 800 800 793.19926606114336 400 400 -0.040350043710354798
14 SIMPLE_RADIAL 800 800 778.9278337248644 400 400 0.0020469926464526185
15 SIMPLE_RADIAL 800 800 793.84952031503894 400 400 -0.017285795358122021
16 SIMPLE_RADIAL 800 800 771.77441217442754 400 400 -0.015023093295581434
17 SIMPLE_RADIAL 800 800 775.01464724475954 400 400 -0.014096784625834245
18 SIMPLE_RADIAL 800 800 779.03828941793745 400 400 -0.0063528467524411446
19 SIMPLE_RADIAL 800 800 776.00385233179793 400 400 -0.01989444214950192
20 SIMPLE_RADIAL 800 800 785.88653063498623 400 400 -0.024721259735954036
21 SIMPLE_RADIAL 800 800 769.47849683557263 400 400 -0.024982994996607378
22 SIMPLE_RADIAL 800 800 766.59158343699596 400 400 -0.0023755117186661061
23 SIMPLE_RADIAL 800 800 798.46458664446891 400 400 -0.036562508010381037
24 SIMPLE_RADIAL 800 800 790.00850827773445 400 400 -0.016919449913793082
25 SIMPLE_RADIAL 800 800 776.94381246955595 400 400 0.019505216267952971
26 SIMPLE_RADIAL 800 800 794.67934605860103 400 400 -0.031613568328045384
27 SIMPLE_RADIAL 800 800 783.37268727644573 400 400 -0.035997736123908747
28 SIMPLE_RADIAL 800 800 756.63600732200166 400 400 0.015968481024245109
29 SIMPLE_RADIAL 800 800 776.57747536985312 400 400 -0.007041884372605123
60 SIMPLE_RADIAL 800 800 786.75142608109536 400 400 -0.0085767050323930002
61 SIMPLE_RADIAL 800 800 773.07995222403122 400 400 -0.024697341917971481
62 SIMPLE_RADIAL 800 800 774.70125160746045 400 400 -0.012251049483012253
63 SIMPLE_RADIAL 800 800 793.7589003234325 400 400 -0.011978870091713145
64 SIMPLE_RADIAL 800 800 757.64092855061153 400 400 -0.0019623052863514275
65 SIMPLE_RADIAL 800 800 791.33281079381777 400 400 -0.0099938430288145329
66 SIMPLE_RADIAL 800 800 780.52304200347874 400 400 -0.021056456579338752
67 SIMPLE_RADIAL 800 800 773.05871920252105 400 400 -0.016046778796061451
68 SIMPLE_RADIAL 800 800 770.74709917077178 400 400 -0.029225304331545281
69 SIMPLE_RADIAL 800 800 787.43593917365877 400 400 -0.024659491326862258
70 SIMPLE_RADIAL 800 800 776.77342346325258 400 400 -0.014505814497000053
71 SIMPLE_RADIAL 800 800 772.83009976222559 400 400 -0.033843969430342992
72 SIMPLE_RADIAL 800 800 767.18316428127366 400 400 -0.0059927035790940534
73 SIMPLE_RADIAL 800 800 752.01819059702098 400 400 0.050792329988108738
74 SIMPLE_RADIAL 800 800 766.26755917926664 400 400 -0.030706036393340706
75 SIMPLE_RADIAL 800 800 807.27066677004279 400 400 -0.042894561535815272
76 SIMPLE_RADIAL 800 800 776.74303518337763 400 400 -0.021502273552820646
77 SIMPLE_RADIAL 800 800 780.20477985953346 400 400 -0.024437401090107645
78 SIMPLE_RADIAL 800 800 773.80571894815625 400 400 0.0016381720828587203
79 SIMPLE_RADIAL 800 800 772.90168148537032 400 400 -0.0081037809725652901
80 SIMPLE_RADIAL 800 800 787.71700987515692 400 400 -0.010999992568322422
81 SIMPLE_RADIAL 800 800 778.7948164448743 400 400 0.033106252014080691
82 SIMPLE_RADIAL 800 800 783.03941721770707 400 400 -0.025186440722541729
83 SIMPLE_RADIAL 800 800 759.11481827395244 400 400 0.064201450196701884
84 SIMPLE_RADIAL 800 800 784.37472821750134 400 400 -0.0048535456894478884
85 SIMPLE_RADIAL 800 800 785.92341705772935 400 400 -0.020788065203746285
86 SIMPLE_RADIAL 800 800 773.15478776233272 400 400 -0.0084549392293946871
87 SIMPLE_RADIAL 800 800 786.96089388261726 400 400 -0.024639802225916569
88 SIMPLE_RADIAL 800 800 764.70565642835834 400 400 0.019999630136392117
89 SIMPLE_RADIAL 800 800 773.23772049311344 400 400 0.0091244292949542762
90 SIMPLE_RADIAL 800 800 765.32205653583628 400 400 0.019670079804475136
91 SIMPLE_RADIAL 800 800 782.42559225584137 400 400 -0.0089923498502176343
92 SIMPLE_RADIAL 800 800 788.8325541695416 400 400 -0.010280875715216131
93 SIMPLE_RADIAL 800 800 769.03260831864668 400 400 0.0043776858297657163
94 SIMPLE_RADIAL 800 800 803.66986658006499 400 400 -0.042108097633134049
95 SIMPLE_RADIAL 800 800 798.29412494401572 400 400 -0.030687529169114623
96 SIMPLE_RADIAL 800 800 788.45172344690104 400 400 -0.018538283804248764
97 SIMPLE_RADIAL 800 800 784.74535711569206 400 400 -0.029165418849114052
98 SIMPLE_RADIAL 800 800 797.92001443738855 400 400 -0.030176258242122018
99 SIMPLE_RADIAL 800 800 775.03205446538436 400 400 -0.026144915626844137
100 SIMPLE_RADIAL 800 800 766.93641098408602 400 400 -0.0012897293297657467
101 SIMPLE_RADIAL 800 800 775.62778549312782 400 400 -0.060491325983428976
102 SIMPLE_RADIAL 800 800 775.25688479195219 400 400 0.019703279814931137
103 SIMPLE_RADIAL 800 800 792.85837577432915 400 400 -0.026091629298608188
104 SIMPLE_RADIAL 800 800 800.03989257620003 400 400 -0.019721033938557397
105 SIMPLE_RADIAL 800 800 777.40008076181937 400 400 -0.005200910349545093
106 SIMPLE_RADIAL 800 800 766.90614808922794 400 400 -0.0052604559948578782
107 SIMPLE_RADIAL 800 800 792.67278158804072 400 400 -0.011287417517108763
108 SIMPLE_RADIAL 800 800 784.45490200520419 400 400 -0.040413518935340162
109 SIMPLE_RADIAL 800 800 783.56033818754554 400 400 -0.040620641349887097
110 SIMPLE_RADIAL 800 800 774.50467110595957 400 400 -0.0056023730421605397
111 SIMPLE_RADIAL 800 800 770.41429485737444 400 400 -0.047410323657350463
112 SIMPLE_RADIAL 800 800 774.99774746671324 400 400 -0.0051481974726287575
113 SIMPLE_RADIAL 800 800 791.32471192119135 400 400 -0.043455163627709049
114 SIMPLE_RADIAL 800 800 751.35344334744252 400 400 0.011092213309506561
115 SIMPLE_RADIAL 800 800 796.67147552396307 400 400 -0.038680551348958966
116 SIMPLE_RADIAL 800 800 784.7384202720242 400 400 -0.020247055214218816
117 SIMPLE_RADIAL 800 800 782.11638033810652 400 400 -0.02809611620990041
118 SIMPLE_RADIAL 800 800 778.18655851961319 400 400 -0.013092645873607289
119 SIMPLE_RADIAL 800 800 782.82311526743854 400 400 -0.014695726039742528
120 SIMPLE_RADIAL 800 800 770.86752040930787 400 400 0.020329507100252574
121 SIMPLE_RADIAL 800 800 759.42660216729701 400 400 0.051503244380103896
122 SIMPLE_RADIAL 800 800 773.98985190875783 400 400 -0.0080419993936987361
123 SIMPLE_RADIAL 800 800 774.56014291731947 400 400 0.043916655398684334
124 SIMPLE_RADIAL 800 800 774.39705292802614 400 400 -0.081656442701893261
125 SIMPLE_RADIAL 800 800 774.61950075284688 400 400 0.0041971497169946449
126 SIMPLE_RADIAL 800 800 767.36194723728829 400 400 -0.007728417365853322
127 SIMPLE_RADIAL 800 800 795.2012335084089 400 400 -0.024937303371401893
