# Camera list with one line of data per camera:
#   CAMERA_ID, MODEL, WIDTH, HEIGHT, PARAMS[]
# Number of cameras: 100
100 SIMPLE_RADIAL 800 800 769.79982425448964 400 400 0.024323134377323381
99 SIMPLE_RADIAL 800 800 773.66028074867245 400 400 -0.017447275841184256
98 SIMPLE_RADIAL 800 800 787.8174694691088 400 400 -0.036362179422533003
97 SIMPLE_RADIAL 800 800 791.07568744112029 400 400 -0.017083219772312485
96 SIMPLE_RADIAL 800 800 763.32167643317723 400 400 0.010349037088408307
95 SIMPLE_RADIAL 800 800 771.24581300557907 400 400 -0.043140258250702689
94 SIMPLE_RADIAL 800 800 769.52238779115248 400 400 -0.0046737151980620253
93 SIMPLE_RADIAL 800 800 765.53946618715599 400 400 0.0079608803994377034
92 SIMPLE_RADIAL 800 800 768.01034950767246 400 400 -0.0072057663725543144
91 SIMPLE_RADIAL 800 800 770.9610060455816 400 400 0.0091069370967905502
90 SIMPLE_RADIAL 800 800 764.33074059879289 400 400 0.0016483821541784106
89 SIMPLE_RADIAL 800 800 768.84071335917656 400 400 -0.04289928845451868
88 SIMPLE_RADIAL 800 800 764.53391673336353 400 400 -0.01015530366713494
87 SIMPLE_RADIAL 800 800 765.65143452453071 400 400 0.0038141578953777644
86 SIMPLE_RADIAL 800 800 783.78077127893766 400 400 -0.025341662939132918
85 SIMPLE_RADIAL 800 800 789.33376988928126 400 400 0.0066746987215323336
84 SIMPLE_RADIAL 800 800 767.28306324112089 400 400 0.0074586474804854098
83 SIMPLE_RADIAL 800 800 776.13015803963253 400 400 -0.016300008554408333
82 SIMPLE_RADIAL 800 800 782.36580087745165 400 400 -0.034283290114357316
81 SIMPLE_RADIAL 800 800 784.82031293440741 400 400 -0.044903278483242576
80 SIMPLE_RADIAL 800 800 783.1495578692668 400 400 0.044257312590628504
79 SIMPLE_RADIAL 800 800 785.47222011560166 400 400 0.010601912130455049
78 SIMPLE_RADIAL 800 800 786.46445914810261 400 400 -0.039414988084003545
77 SIMPLE_RADIAL 800 800 763.11318031528401 400 400 0.00039639287483170303
76 SIMPLE_RADIAL 800 800 770.01011926425019 400 400 -0.022165862761972493
75 SIMPLE_RADIAL 800 800 769.84002679806713 400 400 -0.033414849579782302
74 SIMPLE_RADIAL 800 800 771.53337274669116 400 400 -8.4347990949394194e-05
73 SIMPLE_RADIAL 800 800 764.67807336774899 400 400 -0.017967304848009093
72 SIMPLE_RADIAL 800 800 755.66892227512528 400 400 0.011814901170382081
71 SIMPLE_RADIAL 800 800 745.5349574285259 400 400 0.056654294286246867
70 SIMPLE_RADIAL 800 800 779.53640145162592 400 400 -0.042002868562970586
69 SIMPLE_RADIAL 800 800 768.01707282976326 400 400 -0.032368922718562933
68 SIMPLE_RADIAL 800 800 774.5208379416772 400 400 -0.028141366435297788
67 SIMPLE_RADIAL 800 800 767.24333136774715 400 400 -0.017958994878249757
66 SIMPLE_RADIAL 800 800 808.08472237628689 400 400 -0.042048456287648112
65 SIMPLE_RADIAL 800 800 785.52967997898406 400 400 0.008361642457322814
64 SIMPLE_RADIAL 800 800 781.0949110389231 400 400 -0.013087559955086762
63 SIMPLE_RADIAL 800 800 770.37709992137366 400 400 -0.010171613883904952
62 SIMPLE_RADIAL 800 800 777.37337287790376 400 400 -0.0064837661552304693
61 SIMPLE_RADIAL 800 800 818.51630169472924 400 400 0.011855068108097836
60 SIMPLE_RADIAL 800 800 803.13398108616821 400 400 -0.054182126295495979
59 SIMPLE_RADIAL 800 800 767.40159676663586 400 400 0.011944328183749292
58 SIMPLE_RADIAL 800 800 734.5634098690457 400 400 -0.018672248345380109
57 SIMPLE_RADIAL 800 800 764.48583227063966 400 400 0.056214936268597374
56 SIMPLE_RADIAL 800 800 764.58624594049627 400 400 -0.021646675727486825
55 SIMPLE_RADIAL 800 800 779.3610001377657 400 400 0.0030354425461475683
54 SIMPLE_RADIAL 800 800 756.71527401001117 400 400 0.0047854966411965943
53 SIMPLE_RADIAL 800 800 769.13752334127321 400 400 -0.0084151983794366666
52 SIMPLE_RADIAL 800 800 770.90458061379525 400 400 -0.022170350081596277
51 SIMPLE_RADIAL 800 800 782.45420380394876 400 400 -0.026080630672210739
50 SIMPLE_RADIAL 800 800 763.34419853347993 400 400 -0.011014249286820623
49 SIMPLE_RADIAL 800 800 752.23833987239777 400 400 0.018164625342990955
48 SIMPLE_RADIAL 800 800 774.03225894412003 400 400 -0.022632764507948388
47 SIMPLE_RADIAL 800 800 760.88133332324276 400 400 0.0035908315673689067
46 SIMPLE_RADIAL 800 800 764.29105724223393 400 400 -0.0082552929456847501
45 SIMPLE_RADIAL 800 800 767.09318919006205 400 400 -0.0052355042192887558
44 SIMPLE_RADIAL 800 800 753.14067099977012 400 400 0.09425416942654434
43 SIMPLE_RADIAL 800 800 781.88875462078863 400 400 -0.027421281093112017
42 SIMPLE_RADIAL 800 800 772.27384368115531 400 400 -0.006061360821502079
41 SIMPLE_RADIAL 800 800 761.79273271555519 400 400 -0.016273274554852127
40 SIMPLE_RADIAL 800 800 779.28703775133181 400 400 -0.016245694223482043
39 SIMPLE_RADIAL 800 800 773.55740392991504 400 400 -0.025035255567007416
38 SIMPLE_RADIAL 800 800 769.82665086795646 400 400 -0.01272551239370032
37 SIMPLE_RADIAL 800 800 767.06671621826831 400 400 -0.0015649058453725184
36 SIMPLE_RADIAL 800 800 744.99625204907977 400 400 0.10979323400801473
35 SIMPLE_RADIAL 800 800 771.37002784028812 400 400 0.011077794431570514
34 SIMPLE_RADIAL 800 800 764.10151085319069 400 400 -0.0040414467185182681
33 SIMPLE_RADIAL 800 800 794.65358679562507 400 400 -0.034462462687810544
32 SIMPLE_RADIAL 800 800 807.23831759928316 400 400 -0.026385479077409221
31 SIMPLE_RADIAL 800 800 766.49984207550301 400 400 -0.028026413179204328
30 SIMPLE_RADIAL 800 800 805.43629872117708 400 400 -0.0283122755192215
29 SIMPLE_RADIAL 800 800 765.88299027420578 400 400 -0.0073080279909288918
28 SIMPLE_RADIAL 800 800 776.55358692809159 400 400 -0.030214496248765082
27 SIMPLE_RADIAL 800 800 764.88047150291766 400 400 -0.00011466895525672099
26 SIMPLE_RADIAL 800 800 770.94977825656633 400 400 0.001833609746641723
25 SIMPLE_RADIAL 800 800 773.75353174298061 400 400 -0.012691940653185177
24 SIMPLE_RADIAL 800 800 780.49020967528327 400 400 -0.00919843486494871
23 SIMPLE_RADIAL 800 800 792.13056202323082 400 400 -0.016358036119625757
22 SIMPLE_RADIAL 800 800 811.74771052797348 400 400 -0.045828570696632438
21 SIMPLE_RADIAL 800 800 771.89749352592605 400 400 -0.01395174124727171
20 SIMPLE_RADIAL 800 800 787.7157379670067 400 400 -0.045562623378955391
19 SIMPLE_RADIAL 800 800 776.72783002912445 400 400 -0.021940947964334961
18 SIMPLE_RADIAL 800 800 772.14304947621167 400 400 0.0084185855786859925
17 SIMPLE_RADIAL 800 800 768.0005725246051 400 400 -0.0052631427791967524
16 SIMPLE_RADIAL 800 800 785.68325827895285 400 400 -0.026841407801091805
15 SIMPLE_RADIAL 800 800 770.82837377415638 400 400 -0.014734152186939622
14 SIMPLE_RADIAL 800 800 767.46738799214063 400 400 -0.0072584331189225601
13 SIMPLE_RADIAL 800 800 788.99358257051665 400 400 -0.042142269178782943
12 SIMPLE_RADIAL 800 800 793.16927286142413 400 400 -0.025904294120184208
11 SIMPLE_RADIAL 800 800 773.83659464877348 400 400 0.023251210128850733
10 SIMPLE_RADIAL 800 800 757.21477545508367 400 400 0.032751537955799374
9 SIMPLE_RADIAL 800 800 775.47045276482015 400 400 0.0024656735852505909
8 SIMPLE_RADIAL 800 800 776.78750722663403 400 400 -0.016611764903446683
7 SIMPLE_RADIAL 800 800 765.01277392923316 400 400 -0.019096954609827146
6 SIMPLE_RADIAL 800 800 780.24969803019485 400 400 -0.023069090024223148
5 SIMPLE_RADIAL 800 800 777.51814214859178 400 400 -0.022775219745183425
4 SIMPLE_RADIAL 800 800 775.65061990869583 400 400 -0.0038103033917796297
3 SIMPLE_RADIAL 800 800 749.46857145253841 400 400 -0.0023841496289618712
2 SIMPLE_RADIAL 800 800 766.96928486676973 400 400 -0.013582160210171624
1 SIMPLE_RADIAL 800 800 777.42082013657568 400 400 -0.019408653461170104
