# Camera list with one line of data per camera:
#   CAMERA_ID, MODEL, WIDTH, HEIGHT, PARAMS[]
# Number of cameras: 100
100 SIMPLE_RADIAL 800 800 1111.5542504876437 400 400 -0.0438953962388322
99 SIMPLE_RADIAL 800 800 1098.0647801821592 400 400 0.010981194267012643
98 SIMPLE_RADIAL 800 800 1099.6640370408509 400 400 -0.060764372640228069
97 SIMPLE_RADIAL 800 800 1106.2348058418543 400 400 -0.026057292454619969
96 SIMPLE_RADIAL 800 800 1111.7890942092672 400 400 -0.03309811132377178
95 SIMPLE_RADIAL 800 800 1102.9404045285096 400 400 -0.028124710821349503
94 SIMPLE_RADIAL 800 800 1115.7545940123755 400 400 -0.038893822487164775
93 SIMPLE_RADIAL 800 800 1105.8908258002139 400 400 0.020222354413044329
92 SIMPLE_RADIAL 800 800 1105.2829364100105 400 400 -0.029102419245739943
91 SIMPLE_RADIAL 800 800 1110.6944079018085 400 400 -0.063511863282767214
90 SIMPLE_RADIAL 800 800 1102.9501684318091 400 400 -0.048838850614633625
89 SIMPLE_RADIAL 800 800 1094.4120732543674 400 400 -0.043343571753805127
88 SIMPLE_RADIAL 800 800 1103.223061014113 400 400 -0.011848100656341629
87 SIMPLE_RADIAL 800 800 1113.4101064177173 400 400 -0.024412411792231328
86 SIMPLE_RADIAL 800 800 1110.4102453476767 400 400 -0.030531466213352967
85 SIMPLE_RADIAL 800 800 1113.722485568235 400 400 -0.063718520084843203
84 SIMPLE_RADIAL 800 800 1096.5269383496002 400 400 -0.043566927860250862
83 SIMPLE_RADIAL 800 800 1103.0827337816095 400 400 -0.05892328437931444
82 SIMPLE_RADIAL 800 800 1110.5033198432229 400 400 -0.022038057951765427
81 SIMPLE_RADIAL 800 800 1104.6735595210594 400 400 -0.032653476776506762
80 SIMPLE_RADIAL 800 800 1096.14384206981 400 400 -0.034404426636974204
79 SIMPLE_RADIAL 800 800 1099.4502821180408 400 400 -0.05467054733178596
78 SIMPLE_RADIAL 800 800 1110.694630945778 400 400 -0.012910835451120199
77 SIMPLE_RADIAL 800 800 1101.8127243213332 400 400 -0.036771739048853495
76 SIMPLE_RADIAL 800 800 1108.9309103722896 400 400 -0.015900818611121869
75 SIMPLE_RADIAL 800 800 1091.0858353797967 400 400 -0.022652082656332201
74 SIMPLE_RADIAL 800 800 1109.5841141805699 400 400 -0.06715675088713037
73 SIMPLE_RADIAL 800 800 1129.2638198545435 400 400 -0.12533053859794496
72 SIMPLE_RADIAL 800 800 1109.7223837945191 400 400 -0.051192919094127119
71 SIMPLE_RADIAL 800 800 1110.4452432427495 400 400 -0.072300908291524177
70 SIMPLE_RADIAL 800 800 1102.0996824677125 400 400 0.019157831320414299
69 SIMPLE_RADIAL 800 800 1118.1835740820065 400 400 0.017006408890093666
68 SIMPLE_RADIAL 800 800 1106.3171559077593 400 400 -0.017019843813792443
67 SIMPLE_RADIAL 800 800 1108.5496495068162 400 400 -0.046910854982267582
66 SIMPLE_RADIAL 800 800 1107.8808921267882 400 400 -0.040243838208854882
65 SIMPLE_RADIAL 800 800 1110.0942824064309 400 400 -0.037800388628409003
64 SIMPLE_RADIAL 800 800 1103.8852160833196 400 400 -0.012257236177925318
63 SIMPLE_RADIAL 800 800 1129.4981308943809 400 400 0.070669422245103405
62 SIMPLE_RADIAL 800 800 1115.5707775103106 400 400 -0.077701125567327362
61 SIMPLE_RADIAL 800 800 1113.7310142208939 400 400 -0.035900003705981995
60 SIMPLE_RADIAL 800 800 1114.2565993991552 400 400 -0.044374945590331463
29 SIMPLE_RADIAL 800 800 1103.149228797701 400 400 -0.015754586326999224
28 SIMPLE_RADIAL 800 800 1110.1060926931546 400 400 -0.037465568065346386
27 SIMPLE_RADIAL 800 800 1115.4068923584662 400 400 -0.058658850424936813
26 SIMPLE_RADIAL 800 800 1110.7802232365182 400 400 -0.040501905059455771
25 SIMPLE_RADIAL 800 800 1105.3849167213612 400 400 -0.010790739322547234
24 SIMPLE_RADIAL 800 800 1109.5191769839321 400 400 0.0071764030036817359
23 SIMPLE_RADIAL 800 800 1106.4600579457326 400 400 -0.018187301813526558
22 SIMPLE_RADIAL 800 800 1106.7708064685417 400 400 -0.04519755756298692
21 SIMPLE_RADIAL 800 800 1108.8293084979739 400 400 -0.02685883010584967
20 SIMPLE_RADIAL 800 800 1076.5504999162142 400 400 -0.14027919878819145
19 SIMPLE_RADIAL 800 800 176.39194405842625 400 400 -0.022548018943495556
18 SIMPLE_RADIAL 800 800 1107.0400977260933 400 400 -0.011260455252492444
17 SIMPLE_RADIAL 800 800 1101.4858372930146 400 400 -0.023677771422784925
16 SIMPLE_RADIAL 800 800 1159.3450924300198 400 400 -0.1182179879984922
15 SIMPLE_RADIAL 800 800 1108.886190913352 400 400 0.0065616203561942119
14 SIMPLE_RADIAL 800 800 1100.8242920661205 400 400 -0.040632259958017634
1 SIMPLE_RADIAL 800 800 1103.2560083864666 400 400 -0.037667751097018531
2 SIMPLE_RADIAL 800 800 1103.5290834636794 400 400 -0.040759165751612876
3 SIMPLE_RADIAL 800 800 1100.9644550221658 400 400 -0.035731497960053558
4 SIMPLE_RADIAL 800 800 1112.6750836336794 400 400 -0.013223866801528811
5 SIMPLE_RADIAL 800 800 1113.1474980823571 400 400 -0.01054133731108132
6 SIMPLE_RADIAL 800 800 1133.7855326529586 400 400 -0.037650771299064217
7 SIMPLE_RADIAL 800 800 1118.2261616136761 400 400 -0.043420915692933271
8 SIMPLE_RADIAL 800 800 1127.565615658056 400 400 -0.12190572180607537
9 SIMPLE_RADIAL 800 800 1108.9956713996432 400 400 -0.054229362267515673
10 SIMPLE_RADIAL 800 800 1112.4116488974721 400 400 -0.060643850638413044
11 SIMPLE_RADIAL 800 800 1112.9357520364201 400 400 -0.034434245209770932
12 SIMPLE_RADIAL 800 800 1110.3207844705871 400 400 -0.049707867899907124
13 SIMPLE_RADIAL 800 800 1108.3503231588268 400 400 -0.028254026191374609
30 SIMPLE_RADIAL 800 800 1102.8885071083862 400 400 -0.040325071657272227
31 SIMPLE_RADIAL 800 800 1102.6940237587564 400 400 -0.024920684721100348
32 SIMPLE_RADIAL 800 800 1114.0232120541714 400 400 -0.031168113242563123
33 SIMPLE_RADIAL 800 800 1105.3334742592399 400 400 -0.019162756595798632
34 SIMPLE_RADIAL 800 800 1112.5050607293606 400 400 -0.020058672356555389
35 SIMPLE_RADIAL 800 800 1132.8461682227069 400 400 -0.14688286215514113
36 SIMPLE_RADIAL 800 800 1099.7207133161926 400 400 -0.030313389521020136
37 SIMPLE_RADIAL 800 800 1118.2729980439797 400 400 -0.084533502275193129
38 SIMPLE_RADIAL 800 800 1075.3935249803369 400 400 -0.10547525685765008
39 SIMPLE_RADIAL 800 800 1117.039458186413 400 400 -0.036342384389159307
40 SIMPLE_RADIAL 800 800 1105.7771820032801 400 400 -0.035691909989410492
41 SIMPLE_RADIAL 800 800 1101.4541301234506 400 400 -0.021219544627933764
42 SIMPLE_RADIAL 800 800 1099.4255217712264 400 400 0.015842644990420696
43 SIMPLE_RADIAL 800 800 1110.0646374585926 400 400 -0.012500619997340817
44 SIMPLE_RADIAL 800 800 1098.2014924134739 400 400 -0.019690176761790579
45 SIMPLE_RADIAL 800 800 1118.6673101480076 400 400 -0.05932969451905748
46 SIMPLE_RADIAL 800 800 1104.7227487507307 400 400 -0.045810595766256977
47 SIMPLE_RADIAL 800 800 1117.6686740853436 400 400 -0.037494132224532295
48 SIMPLE_RADIAL 800 800 1101.3796924396481 400 400 -0.028343701780897592
49 SIMPLE_RADIAL 800 800 1110.7858240354676 400 400 -0.024202017022406395
50 SIMPLE_RADIAL 800 800 1109.1661872745842 400 400 -0.045931613919691125
51 SIMPLE_RADIAL 800 800 1106.0691781427358 400 400 -0.041712863956958994
52 SIMPLE_RADIAL 800 800 1115.1993773131869 400 400 0.011875143001140358
53 SIMPLE_RADIAL 800 800 1111.7559786252896 400 400 -0.032378403644479289
54 SIMPLE_RADIAL 800 800 1111.0240431526229 400 400 -0.010217234984022994
55 SIMPLE_RADIAL 800 800 1102.0749916646716 400 400 -0.022932368583025355
56 SIMPLE_RADIAL 800 800 1160.6556942324016 400 400 -0.11235885281442272
57 SIMPLE_RADIAL 800 800 1105.2680473350842 400 400 -0.034793781942613795
58 SIMPLE_RADIAL 800 800 1103.0367951115929 400 400 -0.042500465141394835
59 SIMPLE_RADIAL 800 800 1114.3230558850182 400 400 -0.014864322660698849
