# Camera list with one line of data per camera:
#   CAMERA_ID, MODEL, WIDTH, HEIGHT, PARAMS[]
# Number of cameras: 400
400 SIMPLE_RADIAL 800 800 1113.8626192375486 400 400 -0.0029325609280646883
399 SIMPLE_RADIAL 800 800 1091.8731626929541 400 400 -0.043882077888233145
398 SIMPLE_RADIAL 800 800 1093.2588264016265 400 400 -0.026480185152699419
397 SIMPLE_RADIAL 800 800 1101.2304846311054 400 400 -0.0016640272619787386
396 SIMPLE_RADIAL 800 800 1108.8085282076611 400 400 -0.0048800702887781492
395 SIMPLE_RADIAL 800 800 1100.7489928444409 400 400 -0.00609778642850524
394 SIMPLE_RADIAL 800 800 1104.1697212396905 400 400 -0.022601719469238554
393 SIMPLE_RADIAL 800 800 1099.8313936486475 400 400 7.4311570326948907e-06
392 SIMPLE_RADIAL 800 800 1108.2684203450592 400 400 -0.056406813896646604
391 SIMPLE_RADIAL 800 800 1097.7559250960144 400 400 -0.02223640079543665
390 SIMPLE_RADIAL 800 800 1099.7326852326325 400 400 -0.013704895768624652
389 SIMPLE_RADIAL 800 800 1098.9257046849368 400 400 -0.034832500046368058
388 SIMPLE_RADIAL 800 800 1097.7531179134605 400 400 -0.018922050514044986
387 SIMPLE_RADIAL 800 800 1101.4833921262648 400 400 -0.010103214520127394
386 SIMPLE_RADIAL 800 800 1114.1310433022265 400 400 0.0076017018168449829
385 SIMPLE_RADIAL 800 800 1109.6142749210915 400 400 -0.018001808751910389
384 SIMPLE_RADIAL 800 800 1095.9138786281917 400 400 0.029347382746945504
383 SIMPLE_RADIAL 800 800 1096.0358433192698 400 400 -0.026739910039817447
382 SIMPLE_RADIAL 800 800 1101.5148951272299 400 400 -0.014465815891832474
381 SIMPLE_RADIAL 800 800 1102.2371749660726 400 400 -0.0027919592237200491
380 SIMPLE_RADIAL 800 800 1111.073744717256 400 400 -0.013076180424479691
379 SIMPLE_RADIAL 800 800 1106.0440655879788 400 400 -0.034298964224938319
378 SIMPLE_RADIAL 800 800 1105.2094836640133 400 400 -0.0031995691644648647
377 SIMPLE_RADIAL 800 800 1104.0109746919486 400 400 0.0009600841922173726
376 SIMPLE_RADIAL 800 800 1087.1689917918254 400 400 0.00078742968335712834
375 SIMPLE_RADIAL 800 800 1097.2110725106088 400 400 -0.03124073035802484
374 SIMPLE_RADIAL 800 800 1100.9114279344117 400 400 -0.061210335637644622
373 SIMPLE_RADIAL 800 800 1110.0120659511806 400 400 -0.010013001342976299
372 SIMPLE_RADIAL 800 800 1103.5254050801414 400 400 -0.014495904579969849
371 SIMPLE_RADIAL 800 800 1113.3927741120824 400 400 -0.021119633882502348
370 SIMPLE_RADIAL 800 800 1094.4903638562052 400 400 0.00031577872338247573
369 SIMPLE_RADIAL 800 800 1102.8266738189716 400 400 -0.029826642017094576
368 SIMPLE_RADIAL 800 800 1100.9718397897595 400 400 -0.014037322276509258
367 SIMPLE_RADIAL 800 800 1101.0060997919741 400 400 -0.039725679954175586
366 SIMPLE_RADIAL 800 800 1103.8673299585441 400 400 -0.0052619085341658583
365 SIMPLE_RADIAL 800 800 1102.5463196880407 400 400 -0.0222988156247114
364 SIMPLE_RADIAL 800 800 1096.4363326447767 400 400 0.012661139393855029
363 SIMPLE_RADIAL 800 800 1107.2745760639953 400 400 -0.018189959106645066
362 SIMPLE_RADIAL 800 800 1101.7715573362116 400 400 -0.055837231242741411
361 SIMPLE_RADIAL 800 800 1108.024152034591 400 400 -0.0095903284962314522
360 SIMPLE_RADIAL 800 800 1103.8469096074703 400 400 -0.022428726420936632
359 SIMPLE_RADIAL 800 800 1111.0647582165386 400 400 0.00013393805695993265
358 SIMPLE_RADIAL 800 800 1102.8865774919022 400 400 -5.3559272801139107e-05
357 SIMPLE_RADIAL 800 800 1112.5466295831973 400 400 0.014376444844235031
356 SIMPLE_RADIAL 800 800 1102.5773592066305 400 400 -0.0067711980024316937
355 SIMPLE_RADIAL 800 800 1093.7744508720693 400 400 0.0040596954019082292
354 SIMPLE_RADIAL 800 800 1103.1625810520306 400 400 0.0079902385288936287
353 SIMPLE_RADIAL 800 800 1102.7717117760089 400 400 -0.024726830290729029
352 SIMPLE_RADIAL 800 800 1105.0346978774985 400 400 -0.020880225679274219
351 SIMPLE_RADIAL 800 800 1100.228503691176 400 400 -0.011371006617929631
350 SIMPLE_RADIAL 800 800 1107.9943948822727 400 400 -0.04456771507079979
349 SIMPLE_RADIAL 800 800 1103.8660635784702 400 400 0.00015471281688467795
348 SIMPLE_RADIAL 800 800 1101.1194286721673 400 400 -0.0076053887068185649
347 SIMPLE_RADIAL 800 800 1105.5642364695748 400 400 -0.0030306185444518431
346 SIMPLE_RADIAL 800 800 1096.3907331896714 400 400 -0.007726531680219622
345 SIMPLE_RADIAL 800 800 1111.2559434005179 400 400 -0.04153459278422144
344 SIMPLE_RADIAL 800 800 1100.4053504941885 400 400 -0.032502196208741833
343 SIMPLE_RADIAL 800 800 1099.9694052698819 400 400 0.0063724510929606751
342 SIMPLE_RADIAL 800 800 1098.9333201440841 400 400 0.018513886315391637
341 SIMPLE_RADIAL 800 800 1099.6490544667522 400 400 -0.0012237773671812781
340 SIMPLE_RADIAL 800 800 1093.1418344780775 400 400 -0.0053970022727320805
339 SIMPLE_RADIAL 800 800 1113.0220577044076 400 400 0.00039115629471851433
338 SIMPLE_RADIAL 800 800 1113.2518221685807 400 400 -0.067106956592226402
337 SIMPLE_RADIAL 800 800 1096.5087247371857 400 400 -0.084294437762239244
336 SIMPLE_RADIAL 800 800 1097.8605486152126 400 400 -0.007318619142844077
335 SIMPLE_RADIAL 800 800 1110.5799174483438 400 400 -0.03230901067339953
334 SIMPLE_RADIAL 800 800 1108.9148411896663 400 400 0.010575391692302269
333 SIMPLE_RADIAL 800 800 1106.2112207979653 400 400 0.0091436975740952914
332 SIMPLE_RADIAL 800 800 1114.9367058978119 400 400 0.0082638799380224722
331 SIMPLE_RADIAL 800 800 1103.0500198370951 400 400 0.0037348118320732252
330 SIMPLE_RADIAL 800 800 1109.2238556450213 400 400 -0.00034818828738568955
329 SIMPLE_RADIAL 800 800 1108.868320957901 400 400 0.00063436758048790204
328 SIMPLE_RADIAL 800 800 1107.3099231108572 400 400 0.0046892597495612857
327 SIMPLE_RADIAL 800 800 1109.0149142325624 400 400 0.008234595095800849
326 SIMPLE_RADIAL 800 800 1108.9163239581483 400 400 0.0061611499017468589
325 SIMPLE_RADIAL 800 800 1109.4924247125109 400 400 0.0051287345107621368
324 SIMPLE_RADIAL 800 800 1103.7041822009446 400 400 -0.013979815753434386
323 SIMPLE_RADIAL 800 800 1110.2495628141478 400 400 0.010277103075611261
322 SIMPLE_RADIAL 800 800 1111.4280558298101 400 400 0.0049210786571314592
321 SIMPLE_RADIAL 800 800 1109.6915565756019 400 400 0.0020988964400330029
320 SIMPLE_RADIAL 800 800 1108.6513407795626 400 400 0.0064164414200319469
319 SIMPLE_RADIAL 800 800 1109.0511206689057 400 400 0.0052041800688762945
318 SIMPLE_RADIAL 800 800 1105.3923423877757 400 400 0.0061250622207883743
317 SIMPLE_RADIAL 800 800 1105.0390906929183 400 400 0.0086355349441927885
316 SIMPLE_RADIAL 800 800 1105.3980205860391 400 400 0.0009557891818275313
315 SIMPLE_RADIAL 800 800 1104.7463812118046 400 400 0.0004017734891054049
314 SIMPLE_RADIAL 800 800 1104.0176105154544 400 400 -0.0021660220831655427
313 SIMPLE_RADIAL 800 800 1102.7036680898905 400 400 -1.8192834988017589e-05
312 SIMPLE_RADIAL 800 800 1098.1640857605171 400 400 -0.0062752085681671193
311 SIMPLE_RADIAL 800 800 1105.2617820009777 400 400 0.00155964447203484
310 SIMPLE_RADIAL 800 800 1099.7970306237778 400 400 0.0028813778345157604
309 SIMPLE_RADIAL 800 800 1100.1553086968763 400 400 0.0047659729138950615
308 SIMPLE_RADIAL 800 800 1109.5726582043633 400 400 0.0018081636414051788
307 SIMPLE_RADIAL 800 800 1106.4894931079803 400 400 0.00013733568182198411
306 SIMPLE_RADIAL 800 800 1099.6196679978709 400 400 -0.0022074365759352835
305 SIMPLE_RADIAL 800 800 1098.4290016798616 400 400 -0.016173589956781243
304 SIMPLE_RADIAL 800 800 1093.456493269977 400 400 -0.014070131706393705
303 SIMPLE_RADIAL 800 800 1099.6917098189354 400 400 -0.021105430869520797
302 SIMPLE_RADIAL 800 800 1103.0304418125281 400 400 -0.025845729605925342
301 SIMPLE_RADIAL 800 800 1107.148125710934 400 400 -0.011626714249410534
300 SIMPLE_RADIAL 800 800 1110.000881745988 400 400 -0.0079640278745487722
299 SIMPLE_RADIAL 800 800 1109.1047308784564 400 400 -0.0059611488871789122
298 SIMPLE_RADIAL 800 800 1105.9283959808618 400 400 -0.0068285577090724525
297 SIMPLE_RADIAL 800 800 1103.5492812390637 400 400 -0.0068500419319467137
296 SIMPLE_RADIAL 800 800 1102.6470673626097 400 400 -0.0047023164184894087
295 SIMPLE_RADIAL 800 800 1105.904291182452 400 400 0.0025914631101127726
294 SIMPLE_RADIAL 800 800 1106.731414953638 400 400 0.0084739137881934476
293 SIMPLE_RADIAL 800 800 1105.8215204024211 400 400 0.00053595398584673306
292 SIMPLE_RADIAL 800 800 1108.7770323053853 400 400 0.0089602080461365554
291 SIMPLE_RADIAL 800 800 1111.36608875108 400 400 0.019140861314890099
290 SIMPLE_RADIAL 800 800 1103.5301001948544 400 400 -0.0044981020991297785
289 SIMPLE_RADIAL 800 800 1105.354907468341 400 400 -0.0033808633022677881
288 SIMPLE_RADIAL 800 800 1104.1213374913052 400 400 -0.0069749818885636835
287 SIMPLE_RADIAL 800 800 1102.9913180440694 400 400 -0.007027849694119956
286 SIMPLE_RADIAL 800 800 1100.2167382439673 400 400 -0.0091672454798367529
285 SIMPLE_RADIAL 800 800 1100.6657254868915 400 400 0.00064865237679505967
284 SIMPLE_RADIAL 800 800 1096.4171014462597 400 400 -0.014099527877203328
283 SIMPLE_RADIAL 800 800 1096.9500216087413 400 400 -0.0092941633731966223
282 SIMPLE_RADIAL 800 800 1107.065977510965 400 400 0.0042811675692448151
281 SIMPLE_RADIAL 800 800 1091.397408768946 400 400 -0.041786329440027713
280 SIMPLE_RADIAL 800 800 1098.4881341109399 400 400 -0.021481033860931916
279 SIMPLE_RADIAL 800 800 1084.2167388028186 400 400 -0.0488328836878179
278 SIMPLE_RADIAL 800 800 1105.80094245438 400 400 0.016734939178577081
277 SIMPLE_RADIAL 800 800 1093.6452140281513 400 400 -0.015541162340005413
276 SIMPLE_RADIAL 800 800 1087.9882211557372 400 400 -0.021418977337613401
275 SIMPLE_RADIAL 800 800 1092.7164634539647 400 400 -0.020407422923535336
274 SIMPLE_RADIAL 800 800 1098.9928223267273 400 400 -0.0015479847962522144
273 SIMPLE_RADIAL 800 800 1105.9500544956418 400 400 0.00029737429681339758
272 SIMPLE_RADIAL 800 800 1102.1199480978153 400 400 0.0030025470465818837
271 SIMPLE_RADIAL 800 800 1104.8445820118623 400 400 0.012413673915686851
270 SIMPLE_RADIAL 800 800 1108.2664742192571 400 400 0.011281947541323414
269 SIMPLE_RADIAL 800 800 1104.5975174349903 400 400 0.0045336802555396407
268 SIMPLE_RADIAL 800 800 1104.7632755956354 400 400 0.011075388628391985
267 SIMPLE_RADIAL 800 800 1100.5421837231979 400 400 -0.0007987507509330347
266 SIMPLE_RADIAL 800 800 1100.2131671846025 400 400 0.0028284208978530535
265 SIMPLE_RADIAL 800 800 1100.6844330728809 400 400 0.0057441205771042092
264 SIMPLE_RADIAL 800 800 1100.944560652681 400 400 -6.4192765423836936e-06
263 SIMPLE_RADIAL 800 800 1100.3499051154431 400 400 0.00045976758363078414
262 SIMPLE_RADIAL 800 800 1098.627648497227 400 400 0.0044881212010481116
261 SIMPLE_RADIAL 800 800 1099.2802511516657 400 400 -0.0029693011430357058
260 SIMPLE_RADIAL 800 800 1103.0668969877811 400 400 -0.0094769375147813958
259 SIMPLE_RADIAL 800 800 1102.6237838226853 400 400 -0.014638428492306023
258 SIMPLE_RADIAL 800 800 1114.1012627580233 400 400 0.016875866711328583
127 SIMPLE_RADIAL 800 800 1099.6420741332472 400 400 0.015567212362061435
126 SIMPLE_RADIAL 800 800 1095.7624773499419 400 400 0.021677848648512771
125 SIMPLE_RADIAL 800 800 1093.6102593329649 400 400 0.0010669781516772494
124 SIMPLE_RADIAL 800 800 1100.0953448812338 400 400 0.022149331461402796
123 SIMPLE_RADIAL 800 800 1097.082713188641 400 400 0.015044680359695225
122 SIMPLE_RADIAL 800 800 1091.5833775248773 400 400 0.016986369516890101
121 SIMPLE_RADIAL 800 800 1105.798614228592 400 400 0.014559417074799725
120 SIMPLE_RADIAL 800 800 1096.9052161580553 400 400 0.0075864440202390816
119 SIMPLE_RADIAL 800 800 1110.2561048453883 400 400 -0.00063094336308030185
118 SIMPLE_RADIAL 800 800 1104.3187211607212 400 400 -0.00055823091849653691
117 SIMPLE_RADIAL 800 800 1104.6084038989261 400 400 0.00040625401746121492
116 SIMPLE_RADIAL 800 800 1106.513117464312 400 400 0.0052379216692357558
115 SIMPLE_RADIAL 800 800 1112.726624769954 400 400 0.012775938715810052
114 SIMPLE_RADIAL 800 800 1104.5359458189885 400 400 -0.0091765381081528787
113 SIMPLE_RADIAL 800 800 1105.3014965674211 400 400 -0.00037813768921248219
112 SIMPLE_RADIAL 800 800 1106.6058697122203 400 400 -0.0048871009435812688
111 SIMPLE_RADIAL 800 800 1102.6810228356903 400 400 -0.014076199293804919
110 SIMPLE_RADIAL 800 800 1109.9836044433107 400 400 -0.02502909357475654
109 SIMPLE_RADIAL 800 800 1104.7636453725195 400 400 -0.019292847191842159
108 SIMPLE_RADIAL 800 800 1089.1694810668048 400 400 -0.027150353050537302
107 SIMPLE_RADIAL 800 800 1094.5698887479628 400 400 -0.032217990526070023
106 SIMPLE_RADIAL 800 800 1104.4992229562311 400 400 0.011429225746944046
105 SIMPLE_RADIAL 800 800 1093.1411491494582 400 400 -0.00084098340140425522
104 SIMPLE_RADIAL 800 800 1103.5154522839937 400 400 0.027480422449086259
103 SIMPLE_RADIAL 800 800 1109.0539419505315 400 400 -0.068105971604896801
102 SIMPLE_RADIAL 800 800 1109.9887436217657 400 400 -0.015640158389007407
101 SIMPLE_RADIAL 800 800 1102.1732197855285 400 400 0.0071790232808529777
100 SIMPLE_RADIAL 800 800 1106.0309288541919 400 400 0.038013380811092616
99 SIMPLE_RADIAL 800 800 1100.8200799190467 400 400 -0.02268933822627707
98 SIMPLE_RADIAL 800 800 1103.1698460477455 400 400 0.004210192922077716
97 SIMPLE_RADIAL 800 800 1102.4371857504832 400 400 -0.02857191018465317
96 SIMPLE_RADIAL 800 800 1110.7545683166049 400 400 -0.0006107305404028984
95 SIMPLE_RADIAL 800 800 1099.627959837477 400 400 -0.024540009542524142
94 SIMPLE_RADIAL 800 800 1101.4344574876345 400 400 -0.022003421836229518
93 SIMPLE_RADIAL 800 800 1101.1238165684838 400 400 -0.0017018197639897168
92 SIMPLE_RADIAL 800 800 1102.7072643923466 400 400 -0.032891827058664974
91 SIMPLE_RADIAL 800 800 1109.0530553824249 400 400 -0.039806162969888828
90 SIMPLE_RADIAL 800 800 1102.2978353257517 400 400 -0.02862001689836623
89 SIMPLE_RADIAL 800 800 1097.6483281803198 400 400 -0.010534671088598997
88 SIMPLE_RADIAL 800 800 1092.0284137804567 400 400 -0.0081851244913335227
87 SIMPLE_RADIAL 800 800 1103.3677337565298 400 400 -0.01545011160547528
86 SIMPLE_RADIAL 800 800 1101.075056434323 400 400 -0.0017092656342936805
85 SIMPLE_RADIAL 800 800 1102.4422995617322 400 400 -0.027118117968586191
84 SIMPLE_RADIAL 800 800 1097.5858509029956 400 400 0.0094975091076766258
83 SIMPLE_RADIAL 800 800 1094.4024998293626 400 400 0.0044737741989908453
82 SIMPLE_RADIAL 800 800 1105.6580407788044 400 400 -0.0032371710349808859
81 SIMPLE_RADIAL 800 800 1102.4528885608347 400 400 0.015448951368279847
80 SIMPLE_RADIAL 800 800 1115.9581979610914 400 400 -0.020567909704853119
79 SIMPLE_RADIAL 800 800 1103.7542064623594 400 400 -0.010314927477683747
78 SIMPLE_RADIAL 800 800 1110.1780178160484 400 400 0.0038917192588007617
77 SIMPLE_RADIAL 800 800 1095.485456797064 400 400 -0.026805456358949559
76 SIMPLE_RADIAL 800 800 1107.3122761872219 400 400 0.00089480376639201127
75 SIMPLE_RADIAL 800 800 1102.1426844686209 400 400 -0.010232494235473543
74 SIMPLE_RADIAL 800 800 1115.7615968450789 400 400 -0.0090595371568911454
73 SIMPLE_RADIAL 800 800 1107.9106626241348 400 400 -0.011187114294958713
72 SIMPLE_RADIAL 800 800 1108.3518302882915 400 400 0.0070154096614634962
71 SIMPLE_RADIAL 800 800 1114.0548472137905 400 400 -0.0071429370737602898
70 SIMPLE_RADIAL 800 800 1107.4655164916078 400 400 -0.016495207218627041
69 SIMPLE_RADIAL 800 800 1090.5478906257199 400 400 -0.020563815953347768
68 SIMPLE_RADIAL 800 800 1102.1128404961739 400 400 -0.024944645356153854
67 SIMPLE_RADIAL 800 800 1106.1954299056129 400 400 -0.00848797760464352
66 SIMPLE_RADIAL 800 800 1104.6178060986938 400 400 -0.025296164047522805
65 SIMPLE_RADIAL 800 800 1106.0385801381503 400 400 -0.016798338471646801
64 SIMPLE_RADIAL 800 800 1105.3315322472322 400 400 -0.0046489458832260459
63 SIMPLE_RADIAL 800 800 1109.9955558341403 400 400 0.0060184671862445905
62 SIMPLE_RADIAL 800 800 1094.6646670908133 400 400 -0.012714341397268736
61 SIMPLE_RADIAL 800 800 1100.8433395141594 400 400 -0.017994018851086972
60 SIMPLE_RADIAL 800 800 1100.5171767277745 400 400 0.017625569002688177
29 SIMPLE_RADIAL 800 800 1100.8793996240718 400 400 -0.021167206071407114
28 SIMPLE_RADIAL 800 800 1092.3096931046762 400 400 -0.0033954899344690224
27 SIMPLE_RADIAL 800 800 1089.2691388643118 400 400 -0.04276920869744797
26 SIMPLE_RADIAL 800 800 1099.3755004230318 400 400 -0.022495451754838979
25 SIMPLE_RADIAL 800 800 1108.4413683448915 400 400 -0.00059443973457552919
24 SIMPLE_RADIAL 800 800 1102.7249343371666 400 400 -0.03180419372697784
23 SIMPLE_RADIAL 800 800 1107.3066031819728 400 400 -0.0058440637094847054
22 SIMPLE_RADIAL 800 800 1093.1339915162484 400 400 -0.010346586140453598
21 SIMPLE_RADIAL 800 800 1105.0003329920166 400 400 -0.015607511830759301
20 SIMPLE_RADIAL 800 800 1109.8944709086584 400 400 0.0045612698831972174
19 SIMPLE_RADIAL 800 800 1100.6221322192646 400 400 0.017041018568605328
18 SIMPLE_RADIAL 800 800 1112.0842180033171 400 400 -0.0010306708058951922
17 SIMPLE_RADIAL 800 800 1111.475500274737 400 400 -0.010987506674634211
16 SIMPLE_RADIAL 800 800 1098.4895415376388 400 400 -0.017116142206963426
15 SIMPLE_RADIAL 800 800 1099.0264094637419 400 400 0.012478892774776606
14 SIMPLE_RADIAL 800 800 1106.1934321628248 400 400 -0.00097160213654423221
1 SIMPLE_RADIAL 800 800 1094.6188006692453 400 400 -0.041660813885239532
2 SIMPLE_RADIAL 800 800 1101.3415438015088 400 400 -0.017108018672983123
3 SIMPLE_RADIAL 800 800 1101.4342434788887 400 400 -0.0090827117075280833
4 SIMPLE_RADIAL 800 800 1100.6098001759756 400 400 -0.0036312800506648384
5 SIMPLE_RADIAL 800 800 1101.5693879971423 400 400 0.011937256995600252
6 SIMPLE_RADIAL 800 800 1098.7232783364152 400 400 -0.0059336721880744814
7 SIMPLE_RADIAL 800 800 1107.9913941496513 400 400 0.01634241954847885
8 SIMPLE_RADIAL 800 800 1101.5038736444217 400 400 -0.013514291228500959
9 SIMPLE_RADIAL 800 800 1113.227605948864 400 400 -0.030291186864175521
10 SIMPLE_RADIAL 800 800 1095.4860526763637 400 400 -0.020999683346902488
11 SIMPLE_RADIAL 800 800 1098.8174866930751 400 400 -0.013833651096255445
12 SIMPLE_RADIAL 800 800 1109.0410766385342 400 400 0.0016358189333545473
13 SIMPLE_RADIAL 800 800 1097.4785944430657 400 400 -0.010587343954115581
30 SIMPLE_RADIAL 800 800 1106.6104213991566 400 400 -0.0057466508143822672
31 SIMPLE_RADIAL 800 800 1094.3269290098169 400 400 -0.045674514434546391
32 SIMPLE_RADIAL 800 800 1099.0985252580747 400 400 0.016047500032716364
33 SIMPLE_RADIAL 800 800 1098.2985399293555 400 400 -0.030065045755144331
34 SIMPLE_RADIAL 800 800 1109.1099691661082 400 400 -0.006762188124779675
35 SIMPLE_RADIAL 800 800 1100.3899563571495 400 400 -0.0092936037920352873
36 SIMPLE_RADIAL 800 800 1110.6270633235058 400 400 -0.012728158618289876
37 SIMPLE_RADIAL 800 800 1107.9646801500751 400 400 0.0039265358901898317
38 SIMPLE_RADIAL 800 800 1114.0081236316544 400 400 -0.0060325751389268554
39 SIMPLE_RADIAL 800 800 1099.2106832384673 400 400 -0.032959337143738714
40 SIMPLE_RADIAL 800 800 1092.9219561981824 400 400 -0.0080528687812372393
41 SIMPLE_RADIAL 800 800 1114.3980685379634 400 400 0.0040901188034014116
42 SIMPLE_RADIAL 800 800 1113.915004761383 400 400 -0.0115822751373569
43 SIMPLE_RADIAL 800 800 1100.3084677433155 400 400 -0.0059992708571732275
44 SIMPLE_RADIAL 800 800 1108.5630756408966 400 400 0.0017892191706531731
45 SIMPLE_RADIAL 800 800 1102.9659907968594 400 400 0.018116273277964064
46 SIMPLE_RADIAL 800 800 1084.5111511188277 400 400 0.0057839328749921806
47 SIMPLE_RADIAL 800 800 1096.9044589328414 400 400 -0.011415907992351228
48 SIMPLE_RADIAL 800 800 1104.642976105464 400 400 -0.016083355580440627
49 SIMPLE_RADIAL 800 800 1103.0570475533877 400 400 -0.006563873875805799
50 SIMPLE_RADIAL 800 800 1105.6689442481468 400 400 -0.029701319846595579
51 SIMPLE_RADIAL 800 800 1105.6469501566569 400 400 0.0069113394268341998
52 SIMPLE_RADIAL 800 800 1101.5117612627312 400 400 -0.013047818418008722
53 SIMPLE_RADIAL 800 800 1098.1698958189763 400 400 -0.019316306387298789
54 SIMPLE_RADIAL 800 800 1112.5832328555782 400 400 -0.0019035487176265503
55 SIMPLE_RADIAL 800 800 1110.3799962205951 400 400 -0.0297991167627857
56 SIMPLE_RADIAL 800 800 1102.6095717501305 400 400 -0.03273142410131543
57 SIMPLE_RADIAL 800 800 1101.4568678896528 400 400 -0.032130771209479124
58 SIMPLE_RADIAL 800 800 1110.112609432676 400 400 -0.015374695837971913
59 SIMPLE_RADIAL 800 800 1099.125033948601 400 400 -0.0081135605226187041
128 SIMPLE_RADIAL 800 800 1102.3193315584458 400 400 0.0092043259279823673
129 SIMPLE_RADIAL 800 800 1100.6363707180074 400 400 0.011854235203116657
130 SIMPLE_RADIAL 800 800 1102.7817260118409 400 400 0.0052048847782013912
131 SIMPLE_RADIAL 800 800 1102.0537142925421 400 400 -0.0057928547280569681
132 SIMPLE_RADIAL 800 800 1102.0866521554365 400 400 -0.0037062027571292994
133 SIMPLE_RADIAL 800 800 1101.1305248618055 400 400 -0.0013335266005912361
134 SIMPLE_RADIAL 800 800 1102.7821984517795 400 400 -0.0059005526443611242
135 SIMPLE_RADIAL 800 800 1098.2259967624361 400 400 -0.0044292750159588062
136 SIMPLE_RADIAL 800 800 1107.282030891545 400 400 -0.00059664561503616699
137 SIMPLE_RADIAL 800 800 1097.9391467449316 400 400 -0.0039253412216427239
138 SIMPLE_RADIAL 800 800 1103.6845583675292 400 400 -0.0051225398565722825
139 SIMPLE_RADIAL 800 800 1097.2942215803384 400 400 -0.0044537293532787379
140 SIMPLE_RADIAL 800 800 1098.5736983976067 400 400 -0.0083752706244597814
141 SIMPLE_RADIAL 800 800 1084.4691461617215 400 400 -0.013953543666149509
142 SIMPLE_RADIAL 800 800 1092.4570063759684 400 400 -0.010900933070458663
143 SIMPLE_RADIAL 800 800 1088.1578080905956 400 400 -0.018884540712438835
144 SIMPLE_RADIAL 800 800 1089.9391915488443 400 400 -0.020906412269954894
145 SIMPLE_RADIAL 800 800 1092.4377780017026 400 400 -0.021483760535979207
146 SIMPLE_RADIAL 800 800 1092.8857193739898 400 400 -0.026968140801614086
147 SIMPLE_RADIAL 800 800 1096.7646150696187 400 400 -0.0028577874518546484
148 SIMPLE_RADIAL 800 800 1098.5741500895529 400 400 -0.029613777777357703
149 SIMPLE_RADIAL 800 800 1104.400605150709 400 400 -0.01834623407268968
150 SIMPLE_RADIAL 800 800 1103.6365946289745 400 400 -0.010840976449755041
151 SIMPLE_RADIAL 800 800 1101.3085951742592 400 400 -0.015672933280295075
152 SIMPLE_RADIAL 800 800 1104.1643808551316 400 400 -0.011492840188527739
153 SIMPLE_RADIAL 800 800 1102.5445748718917 400 400 -0.0079032870430313755
154 SIMPLE_RADIAL 800 800 1104.137472441457 400 400 -0.007523741502240445
155 SIMPLE_RADIAL 800 800 1102.9453737479453 400 400 0.00084487275922794612
156 SIMPLE_RADIAL 800 800 1100.6684812585443 400 400 -0.0090147597534634694
157 SIMPLE_RADIAL 800 800 1100.6903894971067 400 400 -0.0086920217558281339
158 SIMPLE_RADIAL 800 800 1100.1528047508766 400 400 -0.010647963784014031
159 SIMPLE_RADIAL 800 800 1097.6988565542088 400 400 -0.011839769570246999
160 SIMPLE_RADIAL 800 800 1098.3789784815108 400 400 -0.01417166356847769
161 SIMPLE_RADIAL 800 800 1101.5666512559515 400 400 -0.0011774184269684512
162 SIMPLE_RADIAL 800 800 1099.6841806137413 400 400 -0.0064894753785379993
163 SIMPLE_RADIAL 800 800 1098.3602109347119 400 400 -0.0052768555536433512
164 SIMPLE_RADIAL 800 800 1096.1700646493 400 400 -0.0032909733473577125
165 SIMPLE_RADIAL 800 800 1098.8391196361372 400 400 0.0025692236392646549
166 SIMPLE_RADIAL 800 800 1099.8231241722081 400 400 -0.010105875571192477
167 SIMPLE_RADIAL 800 800 1091.5839236489658 400 400 -0.021058962233612286
168 SIMPLE_RADIAL 800 800 1092.9620496224782 400 400 -0.030228995681422968
169 SIMPLE_RADIAL 800 800 1110.0709114816227 400 400 -0.017719797068266957
170 SIMPLE_RADIAL 800 800 1092.7097493405099 400 400 -0.016793838872616863
171 SIMPLE_RADIAL 800 800 1105.648073557526 400 400 0.00018587788438404935
172 SIMPLE_RADIAL 800 800 1093.7830193720031 400 400 -0.029135342646100348
173 SIMPLE_RADIAL 800 800 1104.4431247699699 400 400 -0.014747983578422963
174 SIMPLE_RADIAL 800 800 1102.6600464460512 400 400 -0.012936383816637982
175 SIMPLE_RADIAL 800 800 1096.4430980591196 400 400 -0.032792023262078369
176 SIMPLE_RADIAL 800 800 1104.2279149108504 400 400 -0.022557211024893348
177 SIMPLE_RADIAL 800 800 1100.0163037956775 400 400 -0.030497370143539645
178 SIMPLE_RADIAL 800 800 1104.5027741708309 400 400 -0.03389460068479868
179 SIMPLE_RADIAL 800 800 1107.1829425200131 400 400 -0.01560182600951494
180 SIMPLE_RADIAL 800 800 1108.7664977769211 400 400 -0.05976131941805822
181 SIMPLE_RADIAL 800 800 1110.9607348945285 400 400 -0.0052502130682800293
182 SIMPLE_RADIAL 800 800 1106.1295972672385 400 400 -0.012164956980492365
183 SIMPLE_RADIAL 800 800 1108.5236310900887 400 400 -0.0163997229338263
184 SIMPLE_RADIAL 800 800 1108.7834075627502 400 400 -0.014513033465197989
185 SIMPLE_RADIAL 800 800 1108.470460923879 400 400 -0.013995189575452349
186 SIMPLE_RADIAL 800 800 1110.5746719443009 400 400 -0.015844429403684069
187 SIMPLE_RADIAL 800 800 1108.1207920731504 400 400 -0.014436119042496051
188 SIMPLE_RADIAL 800 800 1110.0220801556352 400 400 -0.017863205912501325
189 SIMPLE_RADIAL 800 800 1112.0495500964521 400 400 -0.018193386881541065
190 SIMPLE_RADIAL 800 800 1118.5538461964329 400 400 -0.018074415763746188
191 SIMPLE_RADIAL 800 800 1108.1109572338107 400 400 -0.0055018989961808391
192 SIMPLE_RADIAL 800 800 1120.8237963120109 400 400 -0.020546401026296818
193 SIMPLE_RADIAL 800 800 1115.548803129001 400 400 -0.016387134487804742
194 SIMPLE_RADIAL 800 800 1111.1564301480767 400 400 -0.018450377741117154
195 SIMPLE_RADIAL 800 800 1115.1012075048029 400 400 -0.028970674331451562
196 SIMPLE_RADIAL 800 800 1117.5103868711933 400 400 -0.021719670903352698
197 SIMPLE_RADIAL 800 800 1125.6360117748357 400 400 -0.022267342114729523
198 SIMPLE_RADIAL 800 800 1103.5481325783314 400 400 -0.014718821073255135
199 SIMPLE_RADIAL 800 800 1094.0405974641778 400 400 -0.012570011886703304
200 SIMPLE_RADIAL 800 800 1097.4103479595901 400 400 -0.025488709584152978
201 SIMPLE_RADIAL 800 800 1093.652625941201 400 400 -0.032445755729665723
202 SIMPLE_RADIAL 800 800 1106.5388557547631 400 400 0.0039664897483358032
203 SIMPLE_RADIAL 800 800 1097.9228436428095 400 400 -0.031052002598843026
204 SIMPLE_RADIAL 800 800 1099.547008372246 400 400 -0.034465842072482232
205 SIMPLE_RADIAL 800 800 1101.8426234338881 400 400 -0.033679273812163256
206 SIMPLE_RADIAL 800 800 1099.8576278207734 400 400 -0.038440747059040735
207 SIMPLE_RADIAL 800 800 1113.4127351395312 400 400 -0.036369807417849245
208 SIMPLE_RADIAL 800 800 1107.8697514342205 400 400 -0.035580976074886313
209 SIMPLE_RADIAL 800 800 1109.8437628373788 400 400 -0.038949403530366883
210 SIMPLE_RADIAL 800 800 1110.0454942867395 400 400 -0.03441169936180221
211 SIMPLE_RADIAL 800 800 1110.4472281103519 400 400 -0.038290379213523684
212 SIMPLE_RADIAL 800 800 1109.9181881992668 400 400 -0.035059560661889699
213 SIMPLE_RADIAL 800 800 1098.2393756903978 400 400 -0.0099094056535465793
214 SIMPLE_RADIAL 800 800 1111.1415627760744 400 400 -0.029153516397477854
215 SIMPLE_RADIAL 800 800 1109.5161176097649 400 400 -0.029870783408418831
216 SIMPLE_RADIAL 800 800 1109.3140381584069 400 400 -0.035141284077553112
217 SIMPLE_RADIAL 800 800 1109.2718838507794 400 400 -0.038429771223044397
218 SIMPLE_RADIAL 800 800 1110.8479221732573 400 400 -0.043244685828350352
219 SIMPLE_RADIAL 800 800 1113.7953048557411 400 400 -0.049186849115563112
220 SIMPLE_RADIAL 800 800 1104.1410045287087 400 400 -0.039900513180770397
221 SIMPLE_RADIAL 800 800 1107.4555305464335 400 400 -0.063346662527192121
222 SIMPLE_RADIAL 800 800 1104.2566135427835 400 400 -0.072037615934252536
223 SIMPLE_RADIAL 800 800 1099.6917720947633 400 400 -0.062179492781193876
224 SIMPLE_RADIAL 800 800 1095.1738503135368 400 400 0.0038017426282057443
225 SIMPLE_RADIAL 800 800 1091.3056467079703 400 400 -0.0013673140509579196
226 SIMPLE_RADIAL 800 800 1098.6288066928348 400 400 -0.084314245050842604
227 SIMPLE_RADIAL 800 800 1099.7936437295996 400 400 -0.087734888594695734
228 SIMPLE_RADIAL 800 800 1097.9346785293681 400 400 -0.078978667389319565
229 SIMPLE_RADIAL 800 800 1099.7915784924662 400 400 -0.07732869047862645
230 SIMPLE_RADIAL 800 800 1097.4856087602443 400 400 -0.045033532074704383
231 SIMPLE_RADIAL 800 800 1102.5073932864238 400 400 -0.048051592087102697
232 SIMPLE_RADIAL 800 800 1103.5698379004641 400 400 -0.037547053706310646
233 SIMPLE_RADIAL 800 800 1102.5958291965105 400 400 -0.022513962832457605
234 SIMPLE_RADIAL 800 800 1109.1702935872647 400 400 -0.029619807926477611
235 SIMPLE_RADIAL 800 800 1098.0339100574486 400 400 -0.012248205639723017
236 SIMPLE_RADIAL 800 800 1096.9830927629494 400 400 -0.014155963320979742
237 SIMPLE_RADIAL 800 800 1099.7366777616423 400 400 -0.010300796582397714
238 SIMPLE_RADIAL 800 800 1098.7087964445552 400 400 -0.0029281596843242484
239 SIMPLE_RADIAL 800 800 1102.1293374809197 400 400 -0.0075191532710480432
240 SIMPLE_RADIAL 800 800 1100.745965344184 400 400 -0.0055615773940864413
241 SIMPLE_RADIAL 800 800 1100.6179068289462 400 400 -0.0012086075272664959
242 SIMPLE_RADIAL 800 800 1098.5559867994339 400 400 -0.0035086081210471028
243 SIMPLE_RADIAL 800 800 1101.5011111369683 400 400 -0.0024719715680688397
244 SIMPLE_RADIAL 800 800 1103.0732048633486 400 400 -0.0092684840155901494
245 SIMPLE_RADIAL 800 800 1101.6861273017332 400 400 -0.010155621761163367
246 SIMPLE_RADIAL 800 800 1105.1355585013421 400 400 -0.014449397150850397
247 SIMPLE_RADIAL 800 800 1111.7417217923914 400 400 -0.0409381502990048
248 SIMPLE_RADIAL 800 800 1103.5456181986533 400 400 -0.021457312923554898
249 SIMPLE_RADIAL 800 800 1107.2815483305283 400 400 -0.019183955143568993
250 SIMPLE_RADIAL 800 800 1106.4043734608015 400 400 -0.023514357452392623
251 SIMPLE_RADIAL 800 800 1106.4920931948773 400 400 -0.027635912343101709
252 SIMPLE_RADIAL 800 800 1115.6584226241582 400 400 -0.02921096658632787
253 SIMPLE_RADIAL 800 800 1114.45948449704 400 400 -0.04019168218586408
254 SIMPLE_RADIAL 800 800 1121.4210663100584 400 400 -0.046133801357040455
255 SIMPLE_RADIAL 800 800 1115.051169309472 400 400 -0.049624211825420213
256 SIMPLE_RADIAL 800 800 1105.683815307548 400 400 -0.038785683033477458
257 SIMPLE_RADIAL 800 800 1103.4921249882927 400 400 -0.022043846080315403
